# This is to test adding a new script to github

Data1 <- c(1,2,3,4,5,6,7,8,9)
Data2 <- c(10,100,10,100,10,100,10,100,10)

DF <- data.frame(Data1, Data2)


# I cant seem to see this script on GitHub
 